                           OpenMP PQS 

-------------------------Generate array-------------------------
Array Size: 1000

Array Before Sorted:
482 94 614 101 597 532 494 185 18 561 448 874 439 892 86 967 990 206 856 403 492 56 939 719 543 396 189 373 784 577 542 617 670 507 717 618 38 562 802 407 123 601 280 913 844 366 879 185 923 87 588 414 494 878 485 389 273 673 761 408 249 654 24 270 160 92 887 550 654 40 956 128 640 236 40 835 953 271 20 227 709 959 993 202 836 477 590 109 149 703 516 750 356 892 19 868 335 258 417 340 649 724 467 641 311 859 475 263 481 494 842 189 452 834 742 640 310 684 748 458 738 615 559 445 858 930 312 193 187 80 532 187 804 351 827 114 209 654 729 41 147 570 581 951 755 322 590 64 357 689 873 94 655 432 539 513 713 202 705 899 282 588 437 85 938 264 550 498 917 630 890 415 551 470 717 305 144 306 368 500 346 593 594 1 376 484 513 88 685 569 338 966 508 774 402 798 389 304 647 657 933 537 72 484 6 788 140 149 446 508 1 791 452 946 143 827 429 655 914 465 575 251 431 83 24 184 880 765 839 526 421 772 62 844 607 420 984 746 920 429 605 920 571 408 865 714 234 645 720 147 110 295 397 892 729 773 75 608 889 914 485 309 37 899 153 995 318 488 92 237 268 49 509 838 456 373 903 690 370 623 188 479 269 937 370 997 709 444 956 949 709 440 257 97 690 761 91 359 248 535 596 515 583 456 705 38 180 607 79 549 581 267 27 201 203 396 549 263 192 504 211 252 296 819 349 985 580 791 344 179 325 291 46 907 98 750 297 277 708 727 826 641 993 204 193 547 952 742 809 495 245 371 746 892 190 446 229 121 237 924 299 913 566 344 172 663 445 820 291 505 546 468 145 539 672 337 85 623 430 246 469 27 616 566 918 157 12 498 277 600 773 928 512 338 623 35 352 420 854 643 924 400 110 420 290 133 108 374 107 538 971 575 564 939 141 833 95 152 683 724 103 455 651 966 793 625 1 496 44 854 138 319 253 600 738 542 84 198 268 191 87 238 765 650 528 257 834 623 760 516 698 862 323 700 828 467 324 828 962 720 681 452 38 286 403 776 827 486 325 446 676 411 684 793 412 211 49 245 185 161 113 882 374 787 581 201 253 257 380 214 976 413 665 13 698 67 140 876 905 464 322 580 874 357 724 637 919 125 234 104 285 346 337 658 484 918 211 736 526 590 949 501 2 966 513 51 384 5 927 288 468 600 220 694 956 943 330 874 67 563 329 351 260 666 361 743 935 571 830 460 512 779 960 866 96 824 916 479 828 194 119 296 793 338 341 100 280 22 974 699 585 302 401 196 967 761 939 253 331 120 712 195 898 23 60 345 847 975 176 674 521 294 321 313 631 13 413 262 35 738 960 619 39 361 166 358 473 456 610 156 576 674 350 825 696 409 170 894 735 345 920 255 990 592 920 972 605 684 233 991 421 545 961 811 257 126 168 729 582 130 236 157 155 585 981 202 345 502 448 80 846 367 334 187 310 605 158 266 288 743 256 708 287 216 871 895 342 390 975 275 519 211 431 25 795 763 227 140 265 26 571 462 392 256 649 53 861 806 319 148 548 574 208 186 790 78 80 483 467 407 757 338 617 539 362 763 653 940 902 917 965 472 731 708 728 731 761 940 536 79 87 436 4 646 973 793 723 405 627 542 811 383 879 779 921 592 541 574 884 795 842 200 618 924 260 697 654 372 636 542 450 75 329 805 720 301 598 795 57 224 336 219 959 566 997 231 157 538 156 392 332 350 592 949 273 203 646 927 574 633 820 375 707 148 179 427 800 128 573 209 352 908 427 662 825 424 892 333 961 48 725 644 749 668 944 21 870 941 299 443 574 470 817 280 617 347 58 769 475 630 977 178 889 403 839 713 178 82 46 490 481 770 133 229 789 429 250 658 369 900 452 942 370 620 574 338 966 983 106 440 613 434 969 853 837 807 566 366 241 963 856 721 732 988 950 872 768 551 529 137 450 332 430 171 951 355 509 268 338 966 60 302 400 28 154 588 187 71 953 427 33 808 499 116 148 448 987 915 350 867 51 800 198 833 322 500 187 830 768 524 796 179 825 195 558 331 782 744 401 734 522 434 542 21 549 41 820 536 955 170 402 6 321 952 838 642 451 376 472 570 900 619 100 724 165 658 54 946 401 455 31 275 240 924 295 788 964 114 675 919 635 429 276 955 380 465 597 182 840 420 104 91 38 203 167 554 860 220 499 261 26 881 535 617 157 181 757 120 646 431 390 281 859 17 235 590 833 183 124 25 
Number of threads in parallel region: 10
Exucution Completed!

-------------------------Result-------------------------

Sorted array: 
1 1 1 2 4 5 6 6 12 13 13 17 18 19 20 21 21 22 23 24 24 25 25 26 26 27 27 28 31 33 35 35 37 38 38 38 38 39 40 40 41 41 44 46 46 48 49 49 51 51 53 54 56 57 58 60 60 62 64 67 67 71 72 75 75 78 79 79 80 80 80 82 83 84 85 85 86 87 87 87 88 91 91 92 92 94 94 95 96 97 98 100 100 101 103 104 104 106 107 108 109 110 110 113 114 114 116 119 120 120 121 123 124 125 126 128 128 130 133 133 137 138 140 140 140 141 143 144 145 147 147 148 148 148 149 149 152 153 154 155 156 156 157 157 157 157 158 160 161 165 166 167 168 170 170 171 172 176 178 178 179 179 179 180 181 182 183 184 185 185 185 186 187 187 187 187 187 188 189 189 190 191 192 193 193 194 195 195 196 198 198 200 201 201 202 202 202 203 203 203 204 206 208 209 209 211 211 211 211 214 216 219 220 220 224 227 227 229 229 231 233 234 234 235 236 236 237 237 238 240 241 245 245 246 248 249 250 251 252 253 253 253 255 256 256 257 257 257 257 258 260 260 261 262 263 263 264 265 266 267 268 268 268 269 270 271 273 273 275 275 276 277 277 280 280 280 281 282 285 286 287 288 288 290 291 291 294 295 295 296 296 297 299 299 301 302 302 304 305 306 309 310 310 311 312 313 318 319 319 321 321 322 322 322 323 324 325 325 329 329 330 331 331 332 332 333 334 335 336 337 337 338 338 338 338 338 338 340 341 342 344 344 345 345 345 346 346 347 349 350 350 350 351 351 352 352 355 356 357 357 358 359 361 361 362 366 366 367 368 369 370 370 370 371 372 373 373 374 374 375 376 376 380 380 383 384 389 389 390 390 392 392 396 396 397 400 400 401 401 401 402 402 403 403 403 405 407 407 408 408 409 411 412 413 413 414 415 417 420 420 420 420 421 421 424 427 427 427 429 429 429 429 430 430 431 431 431 432 434 434 436 437 439 440 440 443 444 445 445 446 446 446 448 448 448 450 450 451 452 452 452 452 455 455 456 456 456 458 460 462 464 465 465 467 467 467 468 468 469 470 470 472 472 473 475 475 477 479 479 481 481 482 483 484 484 484 485 485 486 488 490 492 494 494 494 495 496 498 498 499 499 500 500 501 502 504 505 507 508 508 509 509 512 512 513 513 513 515 516 516 519 521 522 524 526 526 528 529 532 532 535 535 536 536 537 538 538 539 539 539 541 542 542 542 542 542 543 545 546 547 548 549 549 549 550 550 551 551 554 558 559 561 562 563 564 566 566 566 566 569 570 570 571 571 571 573 574 574 574 574 574 575 575 576 577 580 580 581 581 581 582 583 585 585 588 588 588 590 590 590 590 592 592 592 593 594 596 597 597 598 600 600 600 601 605 605 605 607 607 608 610 613 614 615 616 617 617 617 617 618 618 619 619 620 623 623 623 623 625 627 630 630 631 633 635 636 637 640 640 641 641 642 643 644 645 646 646 646 647 649 649 650 651 653 654 654 654 654 655 655 657 658 658 658 662 663 665 666 668 670 672 673 674 674 675 676 681 683 684 684 684 685 689 690 690 694 696 697 698 698 699 700 703 705 705 707 708 708 708 709 709 709 712 713 713 714 717 717 719 720 720 720 721 723 724 724 724 724 725 727 728 729 729 729 731 731 732 734 735 736 738 738 738 742 742 743 743 744 746 746 748 749 750 750 755 757 757 760 761 761 761 761 763 763 765 765 768 768 769 770 772 773 773 774 776 779 779 782 784 787 788 788 789 790 791 791 793 793 793 793 795 795 795 796 798 800 800 802 804 805 806 807 808 809 811 811 817 819 820 820 820 824 825 825 825 826 827 827 827 828 828 828 830 830 833 833 833 834 834 835 836 837 838 838 839 839 840 842 842 844 844 846 847 853 854 854 856 856 858 859 859 860 861 862 865 866 867 868 870 871 872 873 874 874 874 876 878 879 879 880 881 882 884 887 889 889 890 892 892 892 892 892 894 895 898 899 899 900 900 902 903 905 907 908 913 913 914 914 915 916 917 917 918 918 919 919 920 920 920 920 921 923 924 924 924 924 927 927 928 930 933 935 937 938 939 939 939 940 940 941 942 943 944 946 946 949 949 949 950 951 951 952 952 953 953 955 955 956 956 956 959 959 960 960 961 961 962 963 964 965 966 966 966 966 966 967 967 969 971 972 973 974 975 975 976 977 981 983 984 985 987 988 990 990 991 993 993 995 997 997 

Work took 0.000308 seconds



-------------------------Validate Result-------------------------


Serial Work took 0.000063 seconds

Good! Result is valid.




