                            MPI PSRS 

-------------------------Generate array-------------------------
Array Size: 1000

Array Before Sorted:
583 559 236 981 131 217 614 606 399 568 349 389 296 598 440 912 848 644 142 281 464 496 192 496 748 476 610 214 445 507 534 379 418 121 359 548 337 324 505 87 892 205 827 539 802 266 450 2 909 944 282 724 439 474 219 187 949 180 752 745 39 285 475 808 757 834 355 93 509 211 179 400 415 5 291 568 270 92 569 530 35 851 605 826 676 176 364 624 355 115 720 745 751 194 552 507 379 258 599 240 468 777 639 882 133 281 450 754 373 18 283 407 220 239 232 895 414 595 870 121 709 941 865 459 487 769 965 865 26 915 104 494 43 95 727 175 375 528 928 747 898 562 506 117 801 737 364 214 684 233 334 744 526 551 555 12 319 519 876 344 786 332 189 828 778 268 3 504 795 282 603 44 844 108 161 644 196 876 857 879 460 543 975 985 93 529 996 763 399 224 458 184 907 999 12 684 266 366 539 412 647 141 456 490 600 968 133 796 843 342 26 654 236 1000 639 680 528 986 442 279 209 899 462 467 249 825 502 514 190 41 278 189 533 733 678 133 52 163 280 246 856 305 899 91 657 889 770 536 875 563 814 83 813 276 902 62 452 403 927 994 443 204 182 976 288 211 460 339 373 739 936 580 43 835 670 51 723 791 587 597 353 752 32 518 379 933 579 831 335 857 824 130 61 5 457 700 215 916 391 940 654 326 519 48 160 541 99 235 331 37 183 36 788 214 905 167 498 483 349 185 691 172 314 751 528 122 803 94 37 193 33 690 518 904 89 30 444 539 264 126 575 446 513 715 12 417 881 509 251 229 45 942 752 710 44 279 831 846 372 867 38 757 908 908 660 997 937 455 535 552 932 462 997 445 176 360 213 408 869 464 988 265 405 739 975 800 369 805 646 92 672 35 848 579 942 859 927 230 313 814 781 245 275 130 41 802 489 253 209 709 716 548 974 472 638 948 272 6 104 269 97 775 655 297 706 597 155 984 178 820 797 959 64 423 88 104 224 576 356 784 637 424 331 610 247 968 909 870 325 12 138 422 139 793 70 844 741 224 179 918 43 976 228 458 750 667 913 974 595 269 109 231 44 440 840 290 407 100 160 84 111 649 505 249 793 926 444 885 149 623 155 544 950 382 353 699 49 266 24 643 886 133 225 929 572 64 570 330 163 729 413 625 730 269 874 522 194 669 407 695 291 913 590 592 294 942 291 694 559 314 688 444 446 912 724 369 327 294 699 841 374 463 466 103 732 691 977 277 359 735 971 2 647 912 593 292 854 883 986 412 549 25 208 994 289 931 363 615 224 413 808 598 875 273 52 958 315 28 235 673 762 557 26 408 469 619 700 674 853 37 437 401 61 644 747 701 927 461 668 150 873 475 99 99 747 151 409 413 178 643 85 940 551 111 699 371 81 398 396 933 786 185 686 199 180 432 899 106 892 566 256 116 40 706 214 138 856 622 550 386 616 987 677 519 449 375 241 529 125 637 813 910 821 498 108 1000 929 359 106 172 924 713 639 316 418 853 453 626 826 355 11 794 341 687 664 789 413 904 669 537 540 481 447 712 331 906 712 611 264 169 783 540 233 421 855 650 625 659 275 803 13 637 948 705 323 611 493 88 514 513 624 406 346 422 117 676 328 180 286 943 348 420 482 580 841 688 582 817 347 208 619 711 845 918 416 519 528 260 606 394 773 582 799 118 3 915 793 682 447 430 977 794 850 810 726 690 498 307 858 196 866 829 906 710 746 321 581 626 581 186 19 353 767 169 822 122 435 966 803 881 395 779 27 244 589 104 285 86 410 143 633 627 323 538 337 68 859 917 45 439 454 63 143 573 583 316 694 18 281 496 250 27 627 276 623 215 379 907 652 140 401 284 767 723 821 455 143 31 723 187 821 528 602 315 100 536 630 793 553 262 641 155 289 267 430 911 833 161 169 836 652 570 471 418 644 643 224 138 674 946 677 494 474 630 161 573 165 790 718 70 52 358 224 692 976 5 602 808 517 122 995 169 691 465 586 687 107 162 176 132 107 852 626 932 481 138 857 998 927 574 419 330 283 994 21 610 998 974 417 515 96 763 683 138 227 620 176 685 781 352 817 240 555 794 171 388 931 379 385 857 952 803 187 586 148 559 195 145 885 963 11 980 725 45 469 303 665 645 988 797 996 804 388 902 597 911 289 527 289 25 735 241 179 273 178 326 832 373 471 716 687 833 47 412 878 515 714 894 159 53 690 506 856 430 760 804 340 48 330 628 73 65 220 251 689 398 577 872 122 399 
Number of threads: 10
Exucution Completed!

-------------------------Result-------------------------

Sorted array: 
2 2 3 3 5 5 5 6 11 11 12 12 12 12 13 18 18 19 21 24 25 25 26 26 26 27 27 28 30 31 32 33 35 35 36 37 37 37 38 39 40 41 41 43 43 43 44 44 44 45 45 45 47 48 48 49 51 52 52 52 53 61 61 62 63 64 64 65 68 70 70 73 81 83 84 85 86 87 88 88 89 91 92 92 93 93 94 95 96 97 99 99 99 100 100 103 104 104 104 104 106 106 107 107 108 108 109 111 111 115 116 117 117 118 121 121 122 122 122 122 125 126 130 130 131 132 133 133 133 133 138 138 138 138 138 139 140 141 142 143 143 143 145 148 149 150 151 155 155 155 159 160 160 161 161 161 162 163 163 165 167 169 169 169 169 171 172 172 175 176 176 176 176 178 178 178 179 179 179 180 180 180 182 183 184 185 185 186 187 187 187 189 189 190 192 193 194 194 195 196 196 199 204 205 208 208 209 209 211 211 213 214 214 214 214 215 215 217 219 220 220 224 224 224 224 224 224 225 227 228 229 230 231 232 233 233 235 235 236 236 239 240 240 241 241 244 245 246 247 249 249 250 251 251 253 256 258 260 262 264 264 265 266 266 266 267 268 269 269 269 270 272 273 273 275 275 276 276 277 278 279 279 280 281 281 281 282 282 283 283 284 285 285 286 288 289 289 289 289 290 291 291 291 292 294 294 296 297 303 305 307 313 314 314 315 315 316 316 319 321 323 323 324 325 326 326 327 328 330 330 330 331 331 331 332 334 335 337 337 339 340 341 342 344 346 347 348 349 349 352 353 353 353 355 355 355 356 358 359 359 359 360 363 364 364 366 369 369 371 372 373 373 373 374 375 375 379 379 379 379 379 382 385 386 388 388 389 391 394 395 396 398 398 399 399 399 400 401 401 403 405 406 407 407 407 408 408 409 410 412 412 412 413 413 413 413 414 415 416 417 417 418 418 418 419 420 421 422 422 423 424 430 430 430 432 435 437 439 439 440 440 442 443 444 444 444 445 445 446 446 447 447 449 450 450 452 453 454 455 455 456 457 458 458 459 460 460 461 462 462 463 464 464 465 466 467 468 469 469 471 471 472 474 474 475 475 476 481 481 482 483 487 489 490 493 494 494 496 496 496 498 498 498 502 504 505 505 506 506 507 507 509 509 513 513 514 514 515 515 517 518 518 519 519 519 519 522 526 527 528 528 528 528 528 529 529 530 533 534 535 536 536 537 538 539 539 539 540 540 541 543 544 548 548 549 550 551 551 552 552 553 555 555 557 559 559 559 562 563 566 568 568 569 570 570 572 573 573 574 575 576 577 579 579 580 580 581 581 582 582 583 583 586 586 587 589 590 592 593 595 595 597 597 597 598 598 599 600 602 602 603 605 606 606 610 610 610 611 611 614 615 616 619 619 620 622 623 623 624 624 625 625 626 626 626 627 627 628 630 630 633 637 637 637 638 639 639 639 641 643 643 643 644 644 644 644 645 646 647 647 649 650 652 652 654 654 655 657 659 660 664 665 667 668 669 669 670 672 673 674 674 676 676 677 677 678 680 682 683 684 684 685 686 687 687 687 688 688 689 690 690 690 691 691 691 692 694 694 695 699 699 699 700 700 701 705 706 706 709 709 710 710 711 712 712 713 714 715 716 716 718 720 723 723 723 724 724 725 726 727 729 730 732 733 735 735 737 739 739 741 744 745 745 746 747 747 747 748 750 751 751 752 752 752 754 757 757 760 762 763 763 767 767 769 770 773 775 777 778 779 781 781 783 784 786 786 788 789 790 791 793 793 793 793 794 794 794 795 796 797 797 799 800 801 802 802 803 803 803 803 804 804 805 808 808 808 810 813 813 814 814 817 817 820 821 821 821 822 824 825 826 826 827 828 829 831 831 832 833 833 834 835 836 840 841 841 843 844 844 845 846 848 848 850 851 852 853 853 854 855 856 856 856 857 857 857 857 858 859 859 865 865 866 867 869 870 870 872 873 874 875 875 876 876 878 879 881 881 882 883 885 885 886 889 892 892 894 895 898 899 899 899 902 902 904 904 905 906 906 907 907 908 908 909 909 910 911 911 912 912 912 913 913 915 915 916 917 918 918 924 926 927 927 927 927 928 929 929 931 931 932 932 933 933 936 937 940 940 941 942 942 942 943 944 946 948 948 949 950 952 958 959 963 965 966 968 968 971 974 974 974 975 975 976 976 976 977 977 980 981 984 985 986 986 987 988 988 994 994 994 995 996 996 997 997 998 998 999 1000 1000 

Work took 0.000700 seconds


Serial Work took 0.000040 seconds



-------------------------Validate Result-------------------------

Good! Result is valid.





